Commits, Branches, Releases, Contributors, Watch, Star, Fork, Issues, Pull, Open issues, Closed issues,
328, 0, 0, 117, 6400, 207000, 37100, 167, 175, 167, 68,